MAE  F1  R2
5.3146e-02 0.8960 0.7590 0.6358
2.6744e-01 0.9752 0.2954 0.6421
1.4100e-01 0.2367 0.7508 0.5327
4.6238e-02 0.9687 0.7454 0.5932
3.9253e-02 0.9989 0.7010 0.5962
4.4562e-02 0.9018 0.7285 0.6851
8.3603e-02 0.8860 0.7464 0.6531
4.1878e-02 0.9883 0.6252 0.5713
1.0047e+00 0.9969 0.4075 0.4623
2.7015e-01 0.3444 0.7240 0.7054
4.9780e-02 0.9587 0.6564 0.5437
1.2989e-01 0.7786 0.6784 0.5652
8.6027e-02 0.5152 0.5625 0.6846
4.7783e-02 0.8994 0.7669 0.5900
9.7399e-02 0.9995 0.7039 0.5574
9.8507e-02 0.7050 0.4785 0.7584
1.8772e-01 0.6204 0.8425 0.6740
2.2970e-01 0.6694 0.7238 0.5879
8.5597e-02 0.7787 0.7485 0.5449
6.8808e-02 0.7401 0.7161 0.6237
9.2677e-02 0.9364 0.7080 0.6699
1.3121e-01 0.5033 0.6672 0.5850
1.7102e-01 0.0365 0.6876 0.6327
6.7628e-02 0.6463 0.7989 0.6132
1.6371e-01 0.8885 0.7290 0.5054
4.6692e-02 0.9653 0.6090 0.5958
3.6035e-02 0.9660 0.7842 0.6150
5.0141e-02 0.8232 0.7935 0.5803
5.8244e-02 0.8627 0.7295 0.6779
1.6232e-01 0.5401 0.6745 0.7301
6.4666e-02 0.6253 0.8484 0.7039
4.2936e-02 0.9539 0.6600 0.5903
8.0564e-02 0.2967 0.8025 0.6639
6.3369e-02 0.7598 0.6873 0.7077
1.0809e-01 0.5641 0.7601 0.7152
6.4476e-02 0.7377 0.8586 0.5570
7.2327e-02 1.0000 0.7302 0.5027
1.4701e-01 0.6277 0.5908 0.8330
1.3074e-01 0.9751 0.8009 0.5439
1.1808e-01 0.6979 0.6229 0.4962
6.6857e-02 0.6467 0.7339 0.5664
1.0995e-01 0.7718 0.5482 0.4821
1.7144e-01 0.9080 0.6985 0.5835
2.8034e-02 0.9979 0.7244 0.5838
5.4794e-02 0.8918 0.5505 0.5712
4.7533e-02 0.7521 0.7398 0.6785
5.3279e-02 0.8857 0.5965 0.5752
1.6945e-01 0.8428 0.8480 0.5772
4.0031e-02 0.9417 0.7128 0.5617
6.1187e-02 0.9813 0.6174 0.6129
1.0077e-01 0.8314 0.5517 0.5182
2.4344e+00 0.9999 0.0288 0.4092
6.4719e-02 0.9969 0.7289 0.5831
8.0554e-02 0.7561 0.7514 0.5169
1.6363e-01 0.4339 0.5706 0.6392
3.6438e-02 0.9633 0.7473 0.5717
5.3238e-02 0.6470 0.8510 0.7053
1.1477e-01 0.7526 0.7335 0.5517
8.8907e-02 0.8957 0.8210 0.6459
5.6408e-02 0.8790 0.7033 0.6652
7.2010e-02 0.8720 0.4789 0.5359
9.1242e-02 0.7453 0.5896 0.4890
1.9111e-01 0.0064 0.6586 0.5752
9.1328e-02 0.8764 0.7208 0.5749
1.4070e-01 0.9299 0.6949 0.6052
1.5675e-01 0.3062 0.6023 0.6041
6.1363e-02 0.9105 0.7699 0.5300
8.7361e-02 0.9010 0.7190 0.4956
7.9858e-02 0.9059 0.8200 0.6559
3.7453e-02 0.9998 0.6492 0.5266
7.0663e-02 0.5347 0.7829 0.6429
4.4197e-02 0.9245 0.7091 0.5583
1.0324e-01 0.8549 0.3125 0.4776
5.3449e-02 0.9510 0.6234 0.5541
9.8502e-02 0.7729 0.7412 0.5014
7.7448e-02 0.7587 0.5991 0.6736
2.5193e-01 0.3806 0.6863 0.6521
5.6698e-02 0.7854 0.8043 0.6729
9.0707e-02 0.8359 0.6704 0.6198
7.7778e-02 0.5204 0.8303 0.6472
3.1782e-01 0.8053 0.4560 0.6910
9.0809e-02 0.8726 0.3845 0.7260
1.6106e-01 0.2156 0.6283 0.5550
4.0576e-02 0.9820 0.7063 0.5141
4.6140e-02 0.8901 0.6437 0.5948
1.1047e-01 0.7848 0.7998 0.7793
7.9589e-02 0.6433 0.8366 0.6667
4.9212e-02 0.9034 0.7399 0.5526
5.0173e-02 0.9577 0.6968 0.6773
1.0865e-01 0.2747 0.7824 0.6118
5.1976e-02 0.9787 0.5767 0.5748
1.4504e-01 0.8737 0.5671 0.6350
8.4643e-02 0.6238 0.8064 0.7462
5.0567e-02 0.9196 0.5952 0.5968
6.3147e-02 0.8410 0.7539 0.6726
3.9474e-02 0.9942 0.6388 0.5918
1.1914e-01 0.6553 0.7203 0.6353
6.3684e-02 0.8681 0.6504 0.5556
7.7576e-02 0.5172 0.7409 0.5803
7.3082e-02 0.8374 0.5788 0.5105
1.7205e-01 0.8318 0.3651 0.5660
3.1035e-01 0.9789 0.4069 0.6214
5.7151e-02 0.9239 0.6679 0.4596
1.1199e-01 0.5865 0.7779 0.6853
1.4825e-01 0.8723 0.8524 0.5553
1.7330e-01 0.9492 0.4350 0.7617
4.9069e-02 0.8746 0.6305 0.5394
4.0538e-02 0.9727 0.7217 0.5933
1.0121e-01 0.4783 0.7195 0.7748
1.6417e-01 0.3022 0.3331 0.5710
8.7715e-02 0.4027 0.7073 0.7394
5.6104e-02 0.8909 0.6706 0.5522
9.8523e-02 0.5720 0.7575 0.5835
5.9734e-02 0.8249 0.7418 0.5937
1.3179e-01 0.8098 0.8841 0.6596
6.1460e-02 1.0000 0.7087 0.4760
9.5613e-02 0.5416 0.7529 0.7001
2.1137e-01 0.8013 0.7685 0.6430
6.2927e-02 0.7982 0.7596 0.6159
4.1675e-02 0.9801 0.6059 0.4835
5.8676e-02 0.8223 0.6481 0.5799
4.7577e-02 0.9465 0.7409 0.6488
5.1134e-02 0.9665 0.7482 0.6093
1.4446e-01 0.3548 0.3431 0.4662
6.0333e-02 0.7696 0.7806 0.5876
1.8051e-01 0.4736 0.7728 0.7651
4.1565e-02 0.9222 0.7058 0.5535
2.9410e-02 0.9995 0.6714 0.6100
2.2592e-01 0.3193 0.7405 0.7140
5.4135e-02 0.8009 0.6660 0.6285
5.2278e-02 0.6110 0.8437 0.6560
9.3269e-02 0.8875 0.7137 0.6951
2.0015e-01 0.7089 0.8411 0.6760
1.9320e-01 0.0792 0.7654 0.6051
9.1200e-02 0.5264 0.6733 0.7561
7.4784e-02 0.9579 0.5232 0.6994
7.0032e-02 0.3828 0.8573 0.6964
4.1268e-02 0.9723 0.6775 0.5766
2.1907e-01 0.4452 0.6925 0.7179
2.9617e-01 0.9753 0.5037 0.4179
8.3986e-02 0.3688 0.7820 0.5947
3.4578e-02 0.9745 0.7575 0.6432
1.1293e-01 0.5427 0.5013 0.4950
4.6198e-02 0.9774 0.5994 0.4683
1.0995e-01 0.8534 0.1711 0.3907
2.3545e-01 0.4505 0.8338 0.6925
1.2109e-01 0.5564 0.4199 0.6481
7.5600e-02 0.7814 0.7495 0.6718
4.6148e-02 0.9465 0.7555 0.4944
3.9932e-02 0.9727 0.7354 0.6563
1.4582e-01 0.8804 0.8314 0.5562
8.4590e-02 0.8345 0.6229 0.6423
1.2051e-01 0.7827 0.8210 0.6453
8.7234e-02 0.7385 0.8329 0.6628
3.8198e-02 0.9507 0.6457 0.4517
4.7626e-02 0.9732 0.6674 0.5520
1.6016e-01 0.1678 0.5824 0.8437
5.3565e-02 0.9617 0.5781 0.5859
4.4881e-02 0.8977 0.7276 0.6633
8.0176e-02 0.8921 0.7652 0.6705
1.4972e-01 0.9121 0.8259 0.5532
2.3089e+00 1.0000 -0.0759 0.4154
4.4108e-02 0.9638 0.7262 0.5153
1.7282e-01 0.7532 0.7394 0.6300
7.4640e-02 0.7251 0.8407 0.5895
4.3918e-02 0.9601 0.6167 0.5649
1.0067e-01 0.7940 0.6821 0.6434
6.4564e-02 0.9426 0.5722 0.6202
1.0395e-01 0.6573 0.7202 0.5055
6.8384e-02 0.9127 0.5633 0.6222
4.0483e-02 0.9740 0.6877 0.5255
1.5853e-01 0.8153 0.7954 0.6481
5.4349e-02 0.9473 0.6191 0.5213
1.1078e-01 0.3176 0.7715 0.6312
5.0415e-02 0.9316 0.6081 0.5041
6.6389e-02 0.7514 0.6959 0.5846
6.5192e-02 0.9342 0.4217 0.5369
1.0165e-01 0.8964 0.7102 0.5816
7.2764e-02 0.8847 0.6671 0.5893
5.0725e-02 0.9006 0.7779 0.6042
5.1913e-01 0.9904 0.4031 0.5728
7.7166e-02 0.5802 0.6892 0.6558
5.0592e-02 0.9292 0.7952 0.5974
4.0563e-02 0.9548 0.7732 0.5512
2.4649e-01 0.1959 0.6982 0.5474
6.7677e-02 0.8434 0.7287 0.6995
1.6095e-01 0.2751 0.4417 0.7473
5.5759e-02 0.5403 0.7967 0.6286
1.3749e-01 0.2737 0.5674 0.5981
2.9982e-01 0.9846 0.5970 0.5782
5.0124e-02 0.9801 0.6054 0.5436
6.1179e-02 0.9260 0.6815 0.6164
5.5230e-02 0.7711 0.5080 0.6077
8.0217e-02 0.7020 0.6019 0.5686
1.5797e-01 0.8741 0.7989 0.5547
9.4279e-02 0.9241 0.4336 0.7687
4.4047e-02 0.9628 0.6597 0.5687
6.4066e-02 0.9637 0.7745 0.5165
4.2492e-02 0.9772 0.6508 0.5417
9.0373e-02 0.9973 0.6089 0.6403
1.2613e-01 0.7734 0.6713 0.6037
