RMSE  F1  R2
1.0480e-01 0.6532 0.9694 0.8878
4.1781e-01 0.9937 0.2045 0.4663
8.9735e-02 0.7023 0.9795 0.9396
3.9083e-02 0.9597 0.9778 0.9005
1.7895e-02 0.9995 0.9741 0.8946
3.2351e-02 0.9419 0.9621 0.9093
7.3057e-03 0.9989 0.9851 0.9083
7.3395e-03 1.0000 0.9811 0.8820
2.5286e-01 0.9967 0.7053 0.5269
7.7544e-02 0.6451 0.9386 0.8287
5.6354e-02 0.9591 0.9774 0.8743
1.1751e-02 0.9729 0.9868 0.8866
2.9883e-02 0.7034 0.8990 0.8003
9.5730e-02 0.9008 0.9876 0.9148
9.5799e-03 1.0000 0.9801 0.9005
1.9623e-02 0.9862 0.9162 0.8591
4.6946e-02 0.8974 0.9926 0.9389
7.8599e-02 0.8456 0.9825 0.8990
9.5074e-02 0.7107 0.9749 0.8894
2.9524e-02 0.9385 0.9668 0.9031
7.3725e-02 0.9383 0.9727 0.8759
6.2434e-02 0.9183 0.9690 0.8480
2.0174e-01 0.0038 0.9764 0.9249
6.3487e-02 0.7184 0.9876 0.9177
1.9131e-01 0.8921 0.9751 0.9178
1.1352e-02 0.9815 0.9778 0.8752
9.3843e-03 0.9928 0.9869 0.9404
5.9602e-02 0.7895 0.9583 0.9462
9.9083e-03 0.9682 0.9835 0.9059
4.1323e-01 0.1783 0.9712 0.9082
6.5467e-02 0.8105 0.9812 0.9346
9.2176e-03 0.9963 0.9816 0.9175
3.7709e-02 0.8789 0.9668 0.9271
6.1524e-02 0.7490 0.9673 0.8670
5.8149e-02 0.9096 0.9892 0.9295
2.5408e-02 0.9638 0.9922 0.9337
7.2373e-03 1.0000 0.9759 0.9028
2.7086e-01 0.2258 0.8963 0.6984
5.0950e-02 0.9787 0.9815 0.9283
1.6465e-02 0.9810 0.9869 0.9050
1.2208e-02 0.9599 0.9959 0.9516
5.0891e-02 0.9646 0.9607 0.8205
1.0786e-01 0.9448 0.9665 0.8813
6.2919e-03 0.9999 0.9839 0.9113
1.2660e-02 0.9938 0.9789 0.8935
6.2924e-02 0.5912 0.9885 0.9418
3.2368e-02 0.8998 0.9853 0.9218
8.5046e-02 0.9182 0.9866 0.9243
1.8831e-02 0.9845 0.9886 0.9394
6.1301e-02 0.9675 0.9698 0.9105
1.3442e-02 0.9958 0.9698 0.8281
4.6381e-01 0.9999 0.4935 0.4132
8.1145e-03 0.9983 0.9831 0.9161
8.7863e-03 0.9904 0.9907 0.9391
6.0742e-02 0.9425 0.9310 0.7692
1.6879e-02 0.9896 0.9925 0.9426
9.9469e-02 0.5945 0.9832 0.9405
1.0739e-01 0.8291 0.9839 0.9208
7.4398e-02 0.9011 0.9823 0.9390
7.5872e-02 0.7195 0.9116 0.4141
1.9972e-02 0.9896 0.9614 0.8459
2.5472e-02 0.9981 0.9774 0.8817
9.0844e-02 0.5665 0.9873 0.8367
8.8579e-03 0.9973 0.9848 0.9140
7.9517e-02 0.9480 0.9735 0.9040
8.1216e-02 0.7539 0.9537 0.7976
2.6023e-02 0.9587 0.9924 0.9350
1.4994e-01 0.8643 0.9726 0.9028
2.7044e-02 0.9379 0.9902 0.9450
8.7483e-03 1.0000 0.9598 0.8716
7.3788e-02 0.6402 0.9772 0.9266
5.3847e-02 0.9109 0.9849 0.9043
2.9616e-02 0.9865 0.9526 0.8057
3.9714e-02 0.9708 0.9642 0.8631
1.3579e-01 0.5826 0.9710 0.9329
2.2933e-02 0.9661 0.9390 0.8577
9.1777e-02 0.5312 0.9712 0.8928
2.2004e-02 0.8739 0.9283 0.8141
6.8663e-02 0.9220 0.9513 0.8895
3.2150e-02 0.9168 0.9690 0.9432
1.0923e-01 0.8307 0.7680 0.4714
6.4336e-02 0.8582 0.9445 0.8030
1.0883e-01 0.5852 0.9709 0.9220
1.4407e-02 0.9923 0.9795 0.8787
1.2930e-02 0.9778 0.9825 0.8910
5.1356e-02 0.4973 0.9251 0.8744
4.1191e-02 0.8651 0.9647 0.9138
4.3777e-02 0.9290 0.9759 0.8090
1.8483e-02 0.9945 0.9893 0.9184
5.3221e-02 0.8067 0.9948 0.9491
1.7055e-02 1.0000 0.9825 0.9081
6.4857e-02 0.9279 0.9799 0.9133
5.4410e-02 0.8110 0.9690 0.9062
5.7052e-02 0.9461 0.9442 0.8019
1.7757e-02 0.9121 0.9835 0.9288
3.6883e-02 1.0000 0.9201 0.7746
2.0261e-02 0.9699 0.9734 0.8736
2.2202e-02 0.9741 0.9561 0.8785
3.1381e-02 0.9438 0.9888 0.8875
4.9224e-02 0.9340 0.9896 0.9226
1.4219e-02 0.9437 0.9228 0.8484
4.5652e-02 0.9800 0.4741 0.4610
3.7375e-02 0.9640 0.9653 0.8897
1.8514e-01 0.3954 0.9802 0.9178
7.3521e-02 0.9352 0.9911 0.9475
2.3057e-01 0.9616 0.6902 0.5715
9.5295e-02 0.5820 0.9889 0.9310
3.8973e-02 0.9692 0.9785 0.8789
3.6031e-02 0.6591 0.8426 0.8149
6.6101e-02 0.9990 0.7133 0.8109
1.8119e-01 0.1281 0.9519 0.8804
2.6059e-02 0.9724 0.9902 0.9155
9.7568e-02 0.4324 0.9734 0.9157
5.1173e-02 0.8898 0.9899 0.9260
3.3603e-02 0.9463 0.9884 0.9332
2.8920e-02 1.0000 0.9842 0.8998
1.2951e-02 0.9414 0.9652 0.9129
1.2444e-01 0.8613 0.9789 0.9434
4.2901e-02 0.8588 0.9867 0.9453
7.7166e-03 0.9981 0.9885 0.9245
3.8406e-02 0.8388 0.9624 0.9289
1.7476e-02 0.9834 0.9896 0.9507
1.3099e-02 0.9896 0.9862 0.8922
1.0727e-01 0.7053 0.9568 0.9060
4.7106e-02 0.7089 0.9839 0.9292
1.8106e-01 0.0747 0.9704 0.8690
3.7071e-02 0.9296 0.9905 0.9310
2.3487e-02 1.0000 0.9271 0.8058
2.5485e-02 0.7610 0.9432 0.8554
3.0588e-02 0.8636 0.9586 0.8297
1.0774e-01 0.4076 0.9846 0.9160
1.7391e-02 0.9698 0.9599 0.8416
1.4079e-01 0.7803 0.9931 0.9337
1.9352e-01 0.0607 0.9655 0.6240
2.1369e-02 0.8577 0.9118 0.8745
5.5492e-02 0.9588 0.8930 0.8435
3.4530e-02 0.8605 0.9774 0.9280
5.1630e-02 0.9377 0.9855 0.9204
1.7182e-01 0.5089 0.9699 0.8700
1.8631e-01 0.9721 0.8149 0.6727
5.4803e-02 0.8198 0.9937 0.9367
4.1847e-02 0.9513 0.9827 0.8785
9.2865e-03 0.9915 0.9691 0.8887
4.0787e-02 0.9843 0.9825 0.9076
2.9801e-02 0.9978 0.9408 0.7905
1.5113e-01 0.5655 0.9835 0.8987
5.0542e-02 0.6237 0.7456 0.7028
1.5178e-02 0.9459 0.9893 0.8322
1.0275e-02 0.9929 0.9915 0.9404
1.7509e-02 0.9843 0.9905 0.9281
7.5751e-02 0.9166 0.9881 0.9452
4.3968e-02 0.8979 0.9843 0.9398
4.3171e-02 0.9323 0.9904 0.9065
6.3279e-02 0.8149 0.9890 0.9528
2.5472e-02 0.9723 0.9840 0.9129
1.6898e-02 0.9900 0.9709 0.8516
1.2072e-01 0.0791 0.7672 0.6048
2.7634e-02 0.9702 0.9877 0.9027
2.6746e-02 0.9445 0.9579 0.8795
6.2863e-02 0.9157 0.9762 0.9497
7.7829e-02 0.9437 0.9901 0.9382
3.2704e-01 0.9999 0.4678 0.4538
2.1716e-02 0.9773 0.9914 0.9425
9.6671e-02 0.8332 0.9912 0.8302
8.0092e-02 0.7460 0.9905 0.9376
5.3265e-02 0.8830 0.9681 0.9162
3.7061e-02 0.9600 0.9829 0.8924
3.0676e-02 0.9848 0.9895 0.9239
5.8796e-02 0.8971 0.9867 0.9261
8.2893e-02 0.5849 0.9716 0.8890
3.7671e-02 0.9667 0.9829 0.9109
1.2816e-01 0.8685 0.9866 0.9244
5.1815e-02 0.9800 0.9732 0.8993
4.0373e-02 0.8696 0.9233 0.8836
8.3797e-03 0.9927 0.9898 0.9319
1.1670e-02 0.9595 0.9919 0.9227
4.8605e-02 0.9522 0.9489 0.7889
1.3179e-01 0.8790 0.9684 0.8874
6.9528e-02 0.8863 0.9737 0.9264
1.0945e-01 0.8641 0.9390 0.8287
3.3717e-01 0.9939 0.6158 0.4754
2.6269e-02 0.8329 0.9783 0.8622
1.4443e-02 0.9868 0.9856 0.9456
2.6277e-02 0.9645 0.9759 0.8987
1.5402e-02 0.9694 0.9110 0.7493
6.3337e-02 0.8560 0.9393 0.8225
9.0389e-02 0.1559 0.7327 0.7743
2.4146e-02 0.8791 0.9644 0.9114
1.1062e-01 0.5068 0.9620 0.7370
8.3455e-02 0.9846 0.8884 0.7531
3.7142e-02 0.9856 0.9842 0.9231
4.5546e-02 0.9717 0.9891 0.9123
2.0878e-02 0.8774 0.9809 0.9244
1.8106e-02 0.9373 0.9890 0.9538
1.5238e-01 0.8601 0.9829 0.9142
7.7189e-02 0.9968 0.9461 0.7746
9.8426e-03 0.9938 0.9719 0.8612
1.3365e-02 0.9964 0.9862 0.9193
1.8339e-02 0.9810 0.9772 0.8643
7.5619e-02 1.0000 0.9178 0.7946
6.5985e-02 0.8579 0.9485 0.8674
