RMSE  F1  R2
2.1344e-01 0.1999 0.9215 0.9487
7.7878e-02 0.6787 0.9930 0.9836
4.3263e-02 0.5213 0.9649 0.9863
3.3693e-02 0.7495 0.9819 0.9787
5.8505e-02 0.6302 0.9862 0.9852
6.0901e-02 0.0000 0.9771 0.9757
4.0318e-02 0.5589 0.9826 0.9676
7.9191e-02 0.4110 0.9910 0.9783
5.7167e-02 0.4491 0.9946 0.9916
5.4268e-02 0.0000 0.9711 0.9702
1.0687e-01 0.0000 0.9074 0.8751
1.1690e-01 0.7359 0.9580 0.9816
3.6825e-02 0.2628 0.9870 0.9878
4.6650e-02 0.8691 0.9793 0.9920
5.4735e-02 0.6435 0.9801 0.9847
3.5750e-02 0.7539 0.9852 0.9936
1.2183e-01 0.3613 0.9824 0.9816
4.3568e-02 0.7141 0.9891 0.9933
5.4241e-02 0.2845 0.9938 0.9882
3.9113e-02 0.7422 0.9744 0.9898
3.4396e-02 0.7390 0.9924 0.9876
4.1454e-02 0.8048 0.9864 0.9727
3.2717e-02 0.6451 0.9846 0.9910
1.8242e-01 0.0000 0.8887 0.7855
3.5736e-02 0.7808 0.9915 0.9922
6.0195e-02 0.4722 0.9890 0.9902
5.1168e-02 0.5347 0.9891 0.9925
7.0222e-02 0.6820 0.9798 0.9834
5.0118e-02 0.6546 0.9939 0.9890
3.6154e-02 0.6522 0.9905 0.9918
3.3479e-02 0.8626 0.9855 0.9813
4.4036e-02 0.2863 0.9767 0.9790
5.9981e-02 0.5050 0.9709 0.9886
9.1029e-02 0.6240 0.9685 0.9814
4.6320e-02 0.7155 0.9823 0.9912
4.1473e-02 0.5127 0.9681 0.9715
4.3650e-02 0.0572 0.9744 0.9575
4.2330e-02 0.4660 0.9954 0.9493
5.9809e-02 0.2692 0.9571 0.9731
3.2204e-02 0.2417 0.9814 0.9900
5.7858e-02 0.0000 0.9373 0.8736
3.6712e-02 0.6725 0.9680 0.9831
3.6603e-02 0.6578 0.9743 0.9887
4.2511e-02 0.5994 0.9783 0.9910
5.2855e-02 0.0018 0.9754 0.9863
1.1470e-01 0.4672 0.9672 0.9576
3.9793e-02 0.8335 0.9938 0.9868
1.3928e-01 0.5362 0.9629 0.9839
1.9232e-01 0.5054 0.9708 0.9729
4.7618e-02 0.6290 0.9908 0.9936
3.9488e-02 0.6277 0.9642 0.9865
4.0903e-02 0.1782 0.9934 0.9834
1.0234e-01 0.6959 0.9840 0.9422
1.1454e-01 0.2426 0.9931 0.9831
7.4422e-02 0.0078 0.9920 0.9597
4.0889e-02 0.4043 0.9827 0.9906
3.9534e-02 0.4397 0.9817 0.9871
4.1250e-02 0.6646 0.9737 0.9909
1.7858e-01 0.7404 0.9662 0.9287
1.7516e-01 0.5981 0.9838 0.9806
3.6849e-02 0.7132 0.9949 0.9923
3.3298e-02 0.5576 0.9880 0.9819
4.1877e-02 0.6177 0.9830 0.9917
3.4902e-02 0.6896 0.9808 0.9941
5.6502e-02 0.5142 0.9603 0.9901
1.2938e-01 0.5635 0.9851 0.9830
4.4684e-02 0.6510 0.9930 0.9906
6.4378e-02 0.6321 0.9840 0.9794
5.6994e-02 0.8430 0.9856 0.9917
3.1211e-02 0.7572 0.9850 0.9894
3.7970e-02 0.3949 0.9798 0.9918
1.1609e-01 0.0000 0.9402 0.9148
3.0995e-02 0.8049 0.9889 0.9930
3.2392e-02 0.6997 0.9843 0.9898
3.6214e-02 0.7080 0.9886 0.9848
4.8793e-02 0.1217 0.9875 0.9868
3.5333e-02 0.7385 0.9912 0.9935
6.5088e-02 0.7151 0.9804 0.9940
4.8979e-02 0.6834 0.9872 0.9931
5.6489e-02 0.0000 0.9049 0.9496
4.5778e-02 0.8427 0.9876 0.9950
7.3160e-02 0.6091 0.9676 0.9877
2.9872e-02 0.7496 0.9848 0.9851
5.2522e-02 0.8477 0.9831 0.9880
4.6531e-02 0.6536 0.9788 0.9907
6.8221e-02 0.8529 0.9873 0.9666
4.1030e-02 0.6521 0.9916 0.9908
3.5806e-02 0.8606 0.9884 0.9904
3.9951e-02 0.7574 0.9736 0.9860
4.3193e-02 0.4831 0.9485 0.9602
5.5958e-02 0.7524 0.9849 0.9824
3.4738e-02 0.1768 0.9877 0.9798
3.2769e-02 0.5958 0.9923 0.9911
3.7105e-02 0.5776 0.9911 0.9776
5.3210e-02 0.7659 0.9908 0.9814
5.8747e-02 0.0000 0.9711 0.9663
7.4667e-02 0.6099 0.9701 0.9884
8.7558e-02 0.4173 0.9846 0.9875
3.8797e-02 0.4448 0.9828 0.9692
3.5943e-02 0.6835 0.9910 0.9912
4.3039e-02 0.7204 0.9847 0.9908
4.0620e-02 0.4923 0.9835 0.9879
3.0578e-02 0.4331 0.9819 0.9910
3.9184e-02 0.6959 0.9814 0.9880
3.2146e-02 0.6590 0.9838 0.9859
3.6121e-02 0.6983 0.9936 0.9845
6.4347e-02 0.7041 0.8868 0.8811
3.3368e-02 0.7395 0.9851 0.9842
4.5682e-02 0.6172 0.9926 0.9944
8.6108e-02 0.7140 0.9845 0.9822
3.2355e-02 0.7384 0.9822 0.9912
5.2417e-02 0.8061 0.9832 0.9903
5.4278e-02 0.6195 0.9463 0.9730
3.5511e-02 0.7336 0.9749 0.9783
3.2030e-02 0.7005 0.9889 0.9930
3.4901e-02 0.7360 0.9797 0.9917
5.3103e-02 0.6534 0.9876 0.9917
4.7925e-02 0.8072 0.9742 0.9926
4.1878e-02 0.7443 0.9871 0.9937
3.5255e-02 0.6761 0.9775 0.9878
1.0545e-01 0.0003 0.9747 0.9899
4.3614e-02 0.2923 0.9853 0.9714
3.2729e-02 0.8006 0.9853 0.9936
3.2211e-02 0.5447 0.9880 0.9934
3.2979e-02 0.7031 0.9836 0.9922
1.1317e-01 0.0000 0.9526 0.9805
3.2860e-02 0.7066 0.9814 0.9683
4.1173e-02 0.4547 0.9782 0.9814
8.6176e-02 0.0898 0.8686 0.8816
6.3637e-02 0.5174 0.9848 0.9877
1.4495e-01 0.5577 0.9046 0.9568
4.3349e-02 0.8007 0.9875 0.9941
9.8698e-02 0.5498 0.9763 0.9243
4.4245e-02 0.5870 0.9767 0.9897
4.5536e-02 0.8278 0.9900 0.9927
7.3007e-02 0.5117 0.9928 0.9886
3.6553e-02 0.5488 0.9780 0.9895
4.8224e-02 0.3084 0.9807 0.9892
4.3416e-02 0.6887 0.9957 0.9880
4.2366e-02 0.7149 0.9926 0.9812
7.5451e-02 0.7400 0.9865 0.9855
7.0430e-02 0.2741 0.9748 0.9864
4.4094e-02 0.7526 0.9901 0.9931
4.4117e-02 0.6845 0.9813 0.9886
1.0594e-01 0.7568 0.9825 0.9602
2.9302e-02 0.6743 0.9864 0.9912
2.9942e-02 0.7861 0.9819 0.9737
8.7490e-02 0.5352 0.9478 0.9695
4.0509e-02 0.7321 0.9840 0.9918
3.8274e-02 0.7453 0.9794 0.9876
3.7135e-02 0.6662 0.9857 0.9930
5.4972e-02 0.6878 0.9812 0.9693
4.5175e-02 0.7561 0.9929 0.9906
3.6032e-02 0.5168 0.9855 0.9876
3.7471e-02 0.3188 0.9816 0.9789
1.1070e-01 0.0833 0.9917 0.9832
4.1957e-02 0.6818 0.9926 0.9572
3.7486e-02 0.7030 0.9920 0.9940
7.7731e-02 0.7142 0.9872 0.9886
7.8333e-02 0.3368 0.9592 0.9686
5.2148e-02 0.7085 0.9678 0.9885
6.9284e-02 0.0983 0.9829 0.9888
3.5236e-02 0.7627 0.9892 0.9809
5.1859e-02 0.8731 0.9867 0.9843
1.9118e-01 0.2938 0.9410 0.9783
3.7185e-02 0.8295 0.9872 0.9929
4.8563e-02 0.5586 0.9867 0.9913
7.3695e-02 0.0344 0.9849 0.9611
5.0111e-02 0.5989 0.9889 0.9824
3.8810e-02 0.8223 0.9852 0.9889
3.7107e-02 0.7249 0.9537 0.9700
7.5130e-02 0.8073 0.9905 0.9896
3.1402e-02 0.7232 0.9932 0.9846
1.1432e-01 0.0837 0.9925 0.9891
3.7719e-02 0.3308 0.9516 0.9902
3.2050e-02 0.6987 0.9863 0.9934
4.4200e-02 0.7280 0.9908 0.9872
4.5032e-02 0.6626 0.9774 0.9898
3.4126e-02 0.2273 0.9736 0.9831
4.5708e-02 0.6336 0.9914 0.9921
3.8868e-02 0.6262 0.9927 0.9925
4.0932e-02 0.0383 0.9604 0.9782
4.3125e-02 0.7017 0.9766 0.9891
6.6751e-02 0.0000 0.9750 0.9199
7.9444e-02 0.6446 0.9916 0.9815
3.8466e-02 0.5130 0.9892 0.9889
4.8227e-02 0.6051 0.9898 0.9934
1.2538e-01 0.5207 0.9862 0.9420
8.3896e-02 0.4517 0.9718 0.9792
6.0726e-02 0.2115 0.9919 0.9814
3.2701e-02 0.7725 0.9829 0.9926
4.4569e-02 0.7402 0.9824 0.9839
6.7136e-02 0.6194 0.9929 0.9865
3.5613e-02 0.6771 0.9766 0.9841
5.0383e-02 0.1271 0.9939 0.9874
5.4906e-02 0.8025 0.9630 0.9898
5.8644e-02 0.7397 0.9879 0.9947
5.9431e-02 0.0000 0.9764 0.9863
4.2789e-02 0.4654 0.9846 0.9860
3.0531e-02 0.5845 0.9912 0.9933
5.7702e-02 0.5520 0.9785 0.9796
